--11--¹

123,4. 194, 6. 1. 11. 126,16. 9419914. 132,10. 16.134,19.

1369. 131,11. 1466. 6. 9. 142, 4. 143, 3. 9. 149, 6. 16316,
136, 6. 16. 16611616). 16619. 11. 161,11. 11616. 111, 4.
99. 11414. 24. 116,16.169,6, 163, 9. 197, 9. 191,21. 193, 14.
194, 23. 96. 196,10. 196, 6. 19919. 16 (614). 19. 96. 963, 3.
294, 7. 10. 206, 4. 99114. 16. 20. 209,10. 216‚11. 216, 9. .

11. 6, 6. 6, 9. 1. 1, 9. 6, 2. 10, 3. 1. 13, 20. 15,11. 16,1.
9. 1119. 11. 16, 10. 93, 3. 22, 3. 941. 96, 9919. 3614. 31,
3. 1. 33, 6. 11. 34, 4. 4191. 4416. 4616. 49, 3. 13. 16. 69, 2.
4. 19. 32, 4. 10. 63, 464, 3, 1. 66, 6. 6. 13, 3. 11,11. 16. 16,
1. 616. 6. 63, 3. 64, 3. 96, 4. 91, 3. 961. 9914. 193, 6. 194,
6. 6. 29. 196,11. 19611. 110, 9. 119, 12. 1146. 11694. 111,
3. 121. ζ, 9. 194,4. 16. 19613.19641996.1311613311.
12. 134, 1. 11. 136, 9. 21. 136, 6, 23. 131, 13, 19. 136, 9. 9.
139,11. 141,13. 1429. 146, 4. 141, 6. 146, 6. 19, 29. 26. 149,
9. 190, 3. 9, 16616. 162, 9. 19. 169, 29. 11916. 113, 9. 16.
1169111666. 16116. ’

111. 16. 4,12. 163. 1913. 1419. 16,13.16. 1610.- 19,
6. 19. 91,19. 2221. 93. 26,12. 33, 3. 3411. 21. 369. 3. 39,
12. 16. 46114619. 41, 13. 49, 2. 30, 3. 5216. 63,.6. 613.
6913. 62,13. 65,11. 19. 66,19. 14. 6616. 29. 24. 696. 14.
1116. 14. 19. 1919. 11. 16. 16, 16. 6111, 11. 13, 16. 29. 22.
32. 616. 6. 9. 14. 92, 4. 1. 9. 12. 19. 39. 93, 9. 996. 91, 3.
9913. 102, 6. 9. 104, 4. 103, 4. 9. 1663. 107, 9. 109, 16. 119,
3.116,3.6.111,16, 116, 6. 1294. 1232. 124„11. 1966. ,11.

191,13.199,6. 13411. 13. 11. 99, 23. 136, 9. 149, 12. 14319, ’

, 146,10. 150, 3. 151,5. 9. 152, 8. 153, 101155, 34. 156,14. 158,

IV. l,2. 10. 13. 3,15. 8,11. 9,15. 11,10. 12, 9. 15, 9. 16,
3. 4. 2316. 17. 21. 24,3. 25, 3. 32, 4. 36,1. 41,2. 4. 42, 3. 4.
45,26.46,312.47,3.49,16. 50,5. 10. 15. 53,5. 62, 9. 64, 4.
11. 75,7. 76, 28. 79,11. 80,14. 81,3. 85, 8. 97,17. 101,4. 105,
8. 109,1. 110,4. 111, 2. 114,11. 118,14. 11919. 126, 4. 129,
4. 133,6. 137,9. 139,13. 140, 5. 144, 7. 145,17. 148,11. 152,
15. 154, 2. 15519. 157,10. 15810. 159,21. 165, 6. 7. 167, 9.
14. 170, 3. 180,17. 181,12. 18311. 18415. 185, 7. 8. 187,13.
189, 3. 8. 12. 1919. 13. 196,13. 198, 6. 8. 11. 205,2. 4.

V. 2, 8. 5,10. 10, 5. 12,14. 13,16. 18, 21. 20,15. 29,11.
Ι30,8. 19. 31. 38, 9. 45, 7. 46,11. 48, 3. 49, 8. 19. 50, 7. 1254,
9. 63, 9. 13. 65, 3. 67,26. 68, 5. 69, 6. 70, 9. 72,19. 73, 6. 75,
10. 12. 84, 5. 86, 3. 91, 13. 24. 92, α. 7. η,5. 12. 13. 94, 9. 97,
4. 13. 98,11. 99,4. 104, 2. 106, 5. 24. 111,15. 20. “

VI. 6, 3. 14, 6. 15, 4. 21,6. 8. 23,12. 24, 6. 27, 2. 31,12.
32,4. 33,3. 16. 40, 4. 41,19. 44,13. 15. 45, 6. 46, 5. 50, 7. 9.
53, 6. 58,10. 61, 27. 63,11. 68,11. 69,11. 20. 26. 31. 71, 5.

 

