-ι 12 .-

77, 7. 78, 5. 709. 82,12. 86, α. 215. β, 10. 89, 4. 9. 97,8. 98,
6. 100, 8. 106, 8. 12. 108, 3. 11. 10013. 28. 111, 4. 112,11.
123, 8. 124,6. 7. 132, 6. 1307. 137,17. 13017.

VII. 3, 18. 8, α, 3. γ,,7. 10. 9, γ, 9. 1005. 8, 5. 6. ε, 5. 9.
η,5. 79. 11,8. 18. 13, 6. 15, 8. 108, 5, γ,3. 8. 1420423,
11. 24,4. 26, 8. 205. 2016. 4017. 407. 1049, 6. 18504.
21. 26. 51,3. 8. 9. 52, 12. 53, 7. 56, 8. 602. 62, 3. 64, 9. 70, 6.
87, 4. 804. 907. 101, 9. 10016. 103, 8. 20. 28. 104,18. 19.
1003. 111,4. 120, 8. 121, 6. 126, 6. 128, 9. 129, 25. 28. 130, 5.
9. 1301417. 136, 6. 14. 137, 7. 1304. 13019. 23. 1408. 10.
142, 7. 8. 15012. 143, 18. 15012. 156, 6. 157, 6. 15. 1022.
161,1316. 1609. 10. 168, 2. 7. 17014. 17. 17016. 175, 5.
12. 177, 2. 178, 4. 182, 5. 187, 9. 188, 5. 19010. 1905, 194,
16. 199, 5. 200, 5. 203, 3. 9. 206, 8. 2007. 15. 20014. 19.
214, 6. 11. 218, 8. 220, 20. 222, 5. 223, 3. 4. 13. 18. 23012.
14. 234, 4. 15. 236, 6. 19. 237, 5. 23013. ·

VIII. 2, 7. 3, 6. 1016. 12, 8. 16, 6. 10. 1010. 29, 4. 31,
10. 32, 3. 35, 5. 37, 10. 40, 6. 44, 4. 4019. 505. 57, 8. 60, 5.
10. 15. 21. 61,4. 10. 62, 5. 63, 4. 64, 7. 6014. 26. 66, 8. 16.
68,α, 7. β, 6. 8. 704. 71,11. 75, 17. 77, 10. 7010 18. 802.
3. 4. 7. 12. 81,3. 7. 82, 9. 86, 4. 87,18. 89, 5. 10. 9013. 93,
7. 9. 10014. 21. 26. 102, 6. 9. 12. 103, 1. 2. 105, 8. 10014.
10012. 110, 2. 111,4. 16. 113, 3. 11016. 132,13. 133, 7. 136,
4. 10. 137,Ιο 140, α,11. 12. β, 3. 5. 6. 13. 142, 6. 8. 22. 143,

ΙΧ. 2, 9. 7, 29. 31. 10, 8. 1027. 17,5. 20. 1014, 1022,
11. 16. 24, 5. 25, 9. 26, 35. 38. 27, 23. 37. 31, 24. 32,10. 14.
33, 4. 34, 3. 37,28. 39, 7. 40, 3. 6. 42, 3. 45, 6. 7. 13. 16. 46,
10. 48, 7. 13. 49, 15. 50, 6. 59, 5. 61,5. 13. 62, 10. 63,Ῑο 11.
64, 6. 67, 4. 7013. 7015. 705. 89, 8.17. 9018. 92, 2. 5. 93,
8. 24. 96, 7. 8. 97, 10. 9015. 101, 3. 7. 1001025. 108, 8.
1007. 11016. 11025. 11010. 120, 7. 15. 12015. 16.

ξ 2. Contra eorum Iocorum, quibus parficula γάρ expli-
catiuam fflam uIm habere mihi uidetur, quae estin nostra
uocula „n6mliqh“ haeece exstat frequentia:

Ι. 1,7. 2, 9. 9, 7. 13,2. 17,3. 28, 3. 209. 34,7. 3015. 38,
4. 50, 2. 51, 10. 56, 8. 59, 4. 6. 29. 65, 4. 68, 9. 69, 15. 73,5.
75,11. 79, 7, 82, 5. 92, 2. 9012. 110, 7. 112, 10. 122, 9. 124,
13. 134, 3. 14020. 144, 6. 147, 9. 149, 5. 151,2. 152, 2. 153, 11.
157,12. 160, 8. 162, 7. 165, 6. 168, 2. 171, 9. 172, 6. 173, 2. 8.
180, 2. 182, 9, 186, 7. 191,12. 19018, 193, 8. 33. 194, 5. 196,
17. 33. 197, 3. 207, 26. 34. 214, 7. 215, 5. 2104.

ΙΙ. 2,17. 6, 5. 9, 8. 12, 9. 1014. 18, 4. 25, 7. 2016. 3016.

- 3015. 51,4. 28. 42, 3. 20. 51,6. 11. 58, 7. 504. 602. 61,3.

65, 4. 6012. 68, 3. 22. 74, 6. 77, 8. 82, 6. 807. 91,21. 9011.

 

 

