..13-

99,7.19.104,.'1107,9.1 118,5119,6.9.121,,.α6β,13.125,

1116571116) 1,.309 13210 134,15.17.1351113624.
140,.4 141,18.143,7.147,17.150,10 20. 155,.4 156, 25 161,
10. 164,7. 181, 20

ΙΠ.2,4.4,1.35,2.10,1012,2.13,116.16,.224,7.25,
24. 31,4. 34, 2. 13. 354. 37, 5. 47, 9. 48, 6. 15. 50, 4. 52,27.
55, 4. 58, 3. 65, 6. 67, 7. 70,10. 77, 2. 91,14. 102, 19. 111, 2.
112,4. 113,8. 121,7. 122,7. 17. 126,4. 137, 20. 138, 13. 142,
4. 154,11. 155,17. 157, 8. 159,10.

IV. 1, 6. 8. 14. 7,18. 14, 3. 27, 7. 31,7. 33,11. 3510.
43, 7. 12. 45,Ῑο 52, 7. 53,19. 62,17. 78, 4. 81,16. 89, 6. 99,
13. 105,4. 108, 7. 10. 118, 17. 120,21. 122, 8. 144, 3. 147,14.

. 17. 154,4. 12. 155,12. 159, 8. 162, 3. 166, 4. 7. 183,16. 184, ·

18. 1855. 17. 1983. 1953.

V. 1,5. 12. 17, 8. 21, 3. 22, 8. 28, 4. 10. 34,1. 359. 39,
4. 459. 515. 52,1. 27. 54, 5. 658653. 72,15. 74, 7. 81,8.
8515. 8518. 90, 3. 92,β,1. 12. ζ, 7. η, 8. 9517. 109, 6. 121,2.

VI. 515. 19,1. 21, 3. 22, 7. 40, 4. 43,14. 52,1. 6514.
68, 6. 69,19. 75, 6. 14. 76,1. 4. 84, 5. 104, 3. 115, 7. 121,6.
125,4. 126, 4. 128, 9. 137, 5. 14. 15.

VII. 2,4. 6,4. 15. 5113. 7.· 223. 9. 23,14. 26,4. 46,12.
53, 9. 553. 8. 58, 3. 61,16. 855. 1056. 123,7. 1258. 129,3.
1352. 134,3. 1353. 16. 1365141451. 141,16. 147,10. 148,
6. 15410. 163, 6. 16514. 168, 26. 172,1. 3. 19512. 2051.
212, 5. 217, 9. 218, 2. 219, 8. 22510. 223, 10. 225, 8. 239, 6. 9.

VIII. 3,1. 10. an. 13,5. 251. 5. 21,2. 26,11. 27,,4. 8.
28,4. 3112. 31,4. 3211. 33,1. 3513. 38, 7. 40, 8. 42, 3. 47, 3.
50,4. 71, 2. 87, 4. 10. 88,4. 9517. 91,3. 94, 10. 98, 5. 104,1.
105, 3. 6. 136,10. 128,11. 1459.

ΙΧ. 7, 2. 15, 4. 18, 12. 26, 2. 30, 8. 33, 6. 353. 11. 14. 41,
21. 50, 7. 5522. 553. 56, 8. 5514. 60, 9. 70, 7. 73, 4. 78,11.
83, 5. 90, 3. 98,21. 99,7. 102,12. 116, 5.

ξ 3. Η16 uero 16616 prImum addendi erunt 61, quibus γάρ
6166 explicatiuam habet, siue argumentationIs uim, 16 61666611
enuntiationibus legitur, quas ,,161661661116666α dinero solemus
„noeso3e‘oecg“ Graeci uocant. Huius uero, ,,161616661116616α
666666 oum bene Quintihanus explicet, instit. or. IX. 3, 23,
ubi „unum (genus)“, inqiut, „quod Interpositionem uel inter·
elusionem dicimus, Graeci παρένθεσιν, nonsummum uooant, dum
continuationi sermonis medius aliquis 666666161616661113) 666
tantum enuntiationes huo referendas esse oenseo, quae siue

8).61 Zimmermann, Bemerk 1168111166.2;,,1)66176666161
Ρ6166111666 bes teht eben dorin, dass sie mit den 616 umge'bendon Worten
in 161666 grammatisohen Zusammenhango s‘tteht

 

