—77—

1.1,.32141418,.13 22,5. 32,.5034,7. 38,9.,.488
55,3. 57,14. 74,2. 75,12, 91, 23. 93, 12. 97,11. 114,12. 129,
14.132,10 1613418 135,2.137,11.140,6.152,2.166,3.
182, 5. 193,14. 33. 194,23. 196,17. 197, 3.

11. 13,20. 14, 9. 16, 7. 9. 17,11. 18,4. 22, 3. 41,28. 42, 3.
49, 3. 13. 52,10. 59, 4. 60, 2. 61, 3. 68, 6. 73, 3. 76, 6. 96,21.
98, 7. 104, 29. 107. 9. 120, 5. 125, 9. 126, 4. 132,10. 147,17.
149,19, 150, 6. 164, 7. 173,15.

111. 10,12. 13,16. 16, 7. 3413. 53, 5. 65,19. 68, 20. 69, 5. ,
14. 22. 70,10. 72, 5. 78,16. 81,14. 99,1,1. 118,5, 137. 20.
143, 12. 156, 14.

17. 10, 2. 11, 10. 16, 3. 30, 2. 49, 16. 50, 5. 15. 62, 9. 75,
7. 89, 6. 108, 7. 15412. 157,10. 167,14. 184,18. 187,5. 191,
9. 192,4. 198, 3. 8. 205,2.

V. 21, 3. 29, 3. 38, 9. 45, 7. 51, 5. 69, 6. 75, 12, 87, 18.
82, α, 7. 99, 4.

71. 23,12. 32,4. 45, 6. 46, 5. 76, 4. 77, 7. 86, α, 15. 87, 7.
. 17 96,.3 99,.5 109,.13

7.,118γ,7. 967 15816γ38144017 504
70,3.131,2.182,5.191,.5 236,6. 237,5.

7Π1.3,10.13,5.25,.837,13.66,16.76,1.582,9.119,.3

IX. 7,2. 17,.5 33,4. 34,3. 37,11. 55,3. 73,4. 90,.3 93,
8. 98 21 1013. 122, 10.

1111 illud monendum, 51 particulas γὰρ δή praecedit 55- ’
5515511, 11515 legatur„ οὐγὰρ 3161 initio 511551151151115, ecdem
mode, quo exposuimus τὸ δή negatiuam argumentationem uel
explicationem 555 pondere firmare (cf. Hccgeu. p. 466. XIV).

Π.13,20; οἰ γὰρ δή σφι eccl ὕδατος ουδεμία ἄλλ ἀπο-
στροφὴ ὅτι μὴ ἐκ τοῦ Atos μοῦνον. γε

Sic cc γὰρ 6ή1 egimus: I. 74,2. 75, 12. 97,11. 114,12.
(ad qu l. uideas, quae Kl. dispuetur p. 529). 137,11. 197,3.

11. 16, 9. 49,13. 120, 5. 126, 4.

III. 10,12. 143,12. 166, 14. ⁴

17.75,7.157,10.192,.4

71.45,6. 991).

711. 8,γ. 7. 16,.γ 8. 40,17. 2375.

Uno 1555 particulas γὰρ δή praecedit etiam particula η,
55155 primitiuam pc 11555 tem esse rem tamquam ueram ac cer-
tam affirmandi cum sciamus (cf. Hccgeu. p. 253. Μ51 111. ᾖ 604
Β55. p. 11915 511551 magis efferri apparebit coniunctis particulis
ἦγάρ δή 5115111 1511511551 γάρ 15151 51551 quasi omni dubitat ttipue
liberem certissimamque: ΙΙ.14,;9 ἦ γὰρ δὴ νῦν γε οὗτοι
ἀπονητότατα καρπὸν κομίζονται’ ea γῆς.

Hic pauca dicenda 55111115 5551555115 particulis ἐπειδὴ
γὰρ.0511151511511551 ἐπειδή duplicem consequentiam indican-

 

